       0/9     7.88G   0.04823  0.007045   0.02836   0.08363        19       640    0.3375    0.1834   0.06486   0.03956   0.09334    0.0106   0.03925
       1/9     8.17G   0.03494  0.005145   0.02337   0.06345        19       640 1.024e-05  0.006818 5.032e-07 5.481e-08       nan       nan       nan
       2/9     8.17G   0.03408  0.004877   0.02229   0.06125        21       640    0.4526    0.2149   0.08657   0.06054   0.09558  0.008933   0.03936
       3/9     8.17G   0.02703  0.004965   0.02073   0.05273        15       640    0.5032    0.2713    0.1358   0.09992   0.08962  0.008952    0.0413
       4/9     8.18G   0.02339  0.004904   0.01927   0.04756        15       640     0.533    0.3284    0.2001    0.1533   0.08562  0.007961   0.03908
       5/9     8.18G   0.02134  0.004721   0.01785   0.04391        17       640    0.2753      0.49    0.2582    0.2033    0.0833  0.007573   0.03777
       6/9     8.18G   0.01923  0.004707   0.01624   0.04017        16       640    0.3652     0.483    0.3113    0.2448   0.08236  0.007555    0.0372
       7/9     8.18G   0.01834  0.004478   0.01538    0.0382        17       640    0.4088    0.5074    0.3733    0.2979    0.0819  0.007127   0.03653
       8/9     8.18G   0.01767  0.004424   0.01437   0.03646        19       640    0.4356    0.5416    0.4154    0.3401   0.07989  0.007076   0.03602
       9/9     8.18G     0.017  0.004378   0.01398   0.03535        11       640    0.4454    0.5655    0.4643    0.3818   0.07947  0.007168   0.03493
