      0/99     7.88G   0.04697  0.007005    0.0286   0.08258        19       640  0.000932   0.02611 6.905e-05 2.286e-05    0.1285    0.8132    0.6231
      1/99     8.17G   0.03937  0.005395   0.02364    0.0684        19       640    0.5904    0.1892   0.06622   0.04525    0.1012  0.008969   0.03949
      2/99     8.17G   0.02684  0.004793   0.02011   0.05174        21       640    0.4908    0.3415    0.1752    0.1282   0.09578  0.007164   0.04163
      3/99     8.18G    0.0267  0.005012   0.02023   0.05194        15       640     0.518    0.3065    0.1176   0.07482   0.09564   0.00828   0.04424
      4/99     8.18G   0.02317  0.004944   0.01843   0.04655        15       640    0.2176    0.5348    0.2235    0.1683   0.09025  0.006763   0.03871
      5/99     8.18G   0.02106  0.004723   0.01648   0.04226        17       640    0.2674    0.5007    0.3029    0.2371   0.09231  0.006248    0.0397
      6/99     8.18G   0.01979   0.00456   0.01476   0.03911        16       640    0.3825    0.4879    0.3677    0.2889   0.08836  0.006363   0.03978
      7/99     8.18G   0.01927  0.004287   0.01321   0.03676        17       640    0.2741    0.2208   0.07714   0.06206   0.08732   0.05049   0.05025
      8/99     8.18G   0.02002  0.004403   0.01342   0.03785        19       640    0.5574    0.5337    0.5299    0.4133   0.07895  0.006754   0.03327
      9/99     8.18G   0.01902  0.004064   0.01166   0.03475        11       640    0.6191    0.5589    0.6423    0.5015   0.07786  0.006255   0.03264
     10/99     8.18G   0.01919  0.003781   0.01086   0.03383        18       640    0.6744    0.6509    0.7222    0.5587   0.07564   0.00637   0.02912
     11/99     8.18G   0.02109   0.00369   0.01167   0.03645        10       640     0.657    0.5958    0.6672    0.5413   0.07373  0.006804   0.02861
     12/99     8.18G   0.01927  0.003587   0.01004    0.0329        11       640    0.4432    0.3711    0.3643    0.2736   0.08439  0.007324    0.0412
     13/99     8.18G   0.02334  0.003974   0.01293   0.04025        13       640     0.617    0.7026    0.7164    0.5582    0.0736  0.006341   0.02862
     14/99     8.18G   0.01989  0.003484   0.01015   0.03353        16       640     0.763    0.6634    0.7641    0.5939   0.07639  0.005819   0.02792
     15/99     8.18G   0.01887  0.003409  0.008823    0.0311        25       640     0.773    0.6889    0.7951    0.6194   0.07462  0.005789   0.02867
     16/99     8.18G   0.01774  0.003237  0.008057   0.02903        15       640    0.7688    0.7322    0.8296    0.6553   0.07514  0.005154   0.02738
     17/99     8.18G   0.01663  0.003055  0.006876   0.02656        13       640    0.8199    0.7356    0.8494    0.6761   0.07524  0.004893   0.02741
     18/99     8.18G   0.01803  0.003037  0.007879   0.02895        14       640    0.7938    0.6661    0.7869    0.6126    0.0737  0.006062   0.02742
     19/99     8.18G   0.02027  0.003406   0.01011   0.03379        16       640    0.7445     0.715    0.7953    0.6334   0.07408  0.005892   0.02667
     20/99     8.18G   0.01987   0.00324   0.01003   0.03314        11       640    0.8435    0.7251    0.8356     0.681   0.07053   0.00605   0.02536
     21/99     8.18G   0.01898   0.00306  0.008704   0.03074        11       640     0.818    0.7855    0.8656    0.7001   0.06845  0.005876   0.02512
     22/99     8.18G   0.01928  0.002901   0.00846   0.03064        23       640    0.8615    0.7611    0.8758    0.7178    0.0676  0.006206   0.02543
     23/99     8.18G   0.01907  0.002877  0.008381   0.03033        13       640    0.8637    0.7911    0.8898    0.7288   0.06861  0.005985   0.02619
     24/99     8.18G   0.01966  0.002895   0.00899   0.03155        18       640    0.8169    0.8123    0.8805    0.7202   0.06738  0.006262   0.02627
     25/99     8.18G   0.01936  0.002818   0.00887   0.03105        15       640    0.8815    0.8103    0.9088    0.7505   0.06753  0.005936   0.02532
     26/99     8.18G   0.01919    0.0028  0.008543   0.03053        17       640    0.8956    0.8042    0.9147    0.7535     0.069  0.005607   0.02521
     27/99     8.18G   0.01919  0.002765  0.008884   0.03084        13       640    0.8922    0.8153    0.9195    0.7609   0.06644  0.006297   0.02795
     28/99     8.18G   0.01867  0.002777  0.008787   0.03024        17       640    0.8818    0.8422    0.9194    0.7645   0.06752  0.006107   0.02929
     29/99     8.18G   0.01869  0.002816  0.008869   0.03037        13       640    0.9158    0.8264    0.9323    0.7774    0.0638  0.006689   0.02857
     30/99     8.18G   0.01818  0.002779  0.008373   0.02933        15       640     0.903    0.8286    0.9219    0.7687   0.05999   0.00734   0.03047
     31/99     8.18G    0.0186  0.002736  0.008394   0.02973        22       640    0.8894    0.8489    0.9289    0.7793   0.06033  0.007212   0.03149
     32/99     8.18G   0.01826  0.002776  0.008677   0.02971        14       640    0.8915    0.8417    0.9253    0.7804   0.05928  0.007383   0.03205
     33/99     8.18G   0.01763  0.002731  0.008432   0.02879        16       640    0.9313    0.8526     0.944     0.789   0.05797  0.007384   0.02925
     34/99     8.18G   0.01778  0.002693  0.008342   0.02882        16       640    0.8719    0.8963    0.9452    0.7971   0.05481  0.007848   0.02825
     35/99     8.18G   0.01784  0.002783  0.008255   0.02888        14       640    0.8553    0.8614    0.9216    0.7761   0.05524   0.00796   0.03019
     36/99     8.18G   0.01814  0.002707  0.008372   0.02921        18       640    0.9163    0.8515    0.9459     0.804   0.05199  0.008368      0.03
     37/99     8.18G   0.01754  0.002628  0.008222   0.02839        10       640    0.9255     0.872    0.9455    0.8007   0.05271  0.008144   0.03407
     38/99     8.18G   0.01704  0.002656   0.00808   0.02777        15       640    0.9295     0.863    0.9559    0.8197    0.0504   0.00827   0.02856
     39/99     8.18G   0.01698  0.002575  0.007689   0.02724        12       640    0.9349    0.8864    0.9615    0.8212   0.05039  0.007948   0.02973
     40/99     8.18G   0.01694  0.002599  0.008134   0.02767        16       640    0.9086    0.8824    0.9535    0.8139   0.04949   0.00826   0.02886
     41/99     8.18G   0.01712  0.002603  0.007809   0.02753        15       640    0.9218     0.881    0.9561    0.8252    0.0498   0.00803   0.02975
     42/99     8.18G   0.01643  0.002637  0.007857   0.02693        13       640    0.9203    0.8828    0.9613    0.8291     0.049  0.008072   0.02802
     43/99     8.18G   0.01659  0.002579  0.007586   0.02675        14       640    0.9126    0.8883    0.9619    0.8329   0.04868  0.008023   0.02921
     44/99     8.18G    0.0163  0.002545  0.007263   0.02611        22       640     0.941      0.88    0.9634    0.8339   0.04825  0.007908   0.02522
     45/99     8.18G   0.01604  0.002511   0.00679   0.02534        20       640    0.9319    0.8934    0.9669    0.8347   0.04784  0.007881   0.03119
     46/99     8.18G   0.01618  0.002569  0.007363   0.02611        15       640    0.9404    0.8849    0.9685    0.8413   0.04593  0.008005   0.02579
     47/99     8.18G     0.016  0.002484  0.006717    0.0252        16       640    0.9243    0.8991    0.9665    0.8402   0.04537  0.007956   0.02969
     48/99     8.18G   0.01579  0.002473  0.006852   0.02512        18       640    0.9198    0.9059    0.9673    0.8428   0.04544  0.007729   0.02811
     49/99     8.18G   0.01545  0.002405  0.006297   0.02415        16       640    0.9131    0.9314    0.9727    0.8497   0.04482  0.007771   0.02361
     50/99     8.18G   0.01589  0.002441  0.006779   0.02511        15       640    0.9568    0.8958    0.9727    0.8508   0.04351  0.007914   0.02449
     51/99     8.18G   0.01521  0.002414  0.006302   0.02393        10       640    0.9607    0.9039    0.9722    0.8472   0.04296    0.0078   0.02323
     52/99     8.18G   0.01532  0.002435  0.006469   0.02423        15       640    0.9644    0.8977    0.9749    0.8512   0.04307  0.007786    0.0244
     53/99     8.18G    0.0154  0.002364  0.006523   0.02428        13       640    0.9366    0.9271    0.9767    0.8555   0.04065  0.007742   0.02004
     54/99     8.18G   0.01589   0.00238  0.006514   0.02478        21       640    0.9554    0.9105     0.979    0.8558    0.0408  0.007642   0.02145
     55/99     8.18G   0.01537  0.002386  0.005869   0.02363        14       640    0.9513    0.9142    0.9785    0.8573    0.0407  0.007678   0.02162
     56/99     8.18G   0.01499  0.002359  0.005502   0.02285        14       640    0.9602     0.915    0.9816    0.8584   0.04008  0.007719   0.02109
     57/99     8.18G   0.01547  0.002386  0.006157   0.02401        17       640    0.9536     0.914     0.982    0.8649    0.0388  0.007651   0.01972
     58/99     8.18G   0.01541  0.002346  0.005885   0.02364        14       640    0.9489    0.9226    0.9801    0.8656   0.03767  0.007741   0.02045
     59/99     8.18G    0.0155  0.002343  0.005745   0.02359        14       640    0.9512    0.9271    0.9796     0.864   0.03864  0.007682   0.02029
     60/99     8.18G   0.01481  0.002308  0.005807   0.02293        15       640    0.9641     0.911    0.9781    0.8651   0.03814  0.007824   0.01947
     61/99     8.18G   0.01505  0.002327  0.005501   0.02288        10       640    0.9562    0.9179    0.9777    0.8636   0.03821  0.007837   0.02028
     62/99     8.18G   0.01456  0.002303  0.005077   0.02194        16       640    0.9436    0.9475    0.9805    0.8673   0.03865  0.007768   0.02018
     63/99     8.18G   0.01465  0.002297  0.005544   0.02249        18       640    0.9556    0.9341     0.982    0.8698   0.03713  0.007861   0.01921
     64/99     8.18G   0.01452  0.002231  0.005195   0.02195        14       640    0.9445    0.9506    0.9821    0.8682     0.036  0.007874   0.01869
     65/99     8.18G   0.01456  0.002254  0.005142   0.02195        20       640    0.9554    0.9376    0.9837    0.8714   0.03592  0.007919   0.01846
     66/99     8.18G   0.01482  0.002256  0.005716   0.02279        12       640     0.944    0.9372    0.9822    0.8708   0.03576  0.007928   0.01852
     67/99     8.18G   0.01405  0.002169  0.005046   0.02126         9       640    0.9516    0.9414    0.9829     0.874   0.03569  0.007971   0.01841
     68/99     8.18G    0.0143  0.002246  0.005067   0.02161        17       640    0.9583    0.9327    0.9821    0.8765    0.0359   0.00796   0.01845
     69/99     8.18G   0.01407  0.002161   0.00475   0.02098        12       640    0.9614    0.9327    0.9827    0.8777   0.03558  0.007878   0.01847
     70/99     8.18G   0.01441  0.002169  0.005068   0.02165        14       640    0.9621    0.9342    0.9851    0.8802   0.03515  0.007947   0.01848
     71/99     8.18G   0.01454  0.002156  0.005366   0.02206        15       640    0.9596    0.9433    0.9848    0.8803   0.03506  0.007957   0.01813
     72/99     8.18G   0.01347  0.002136  0.004613   0.02022        19       640    0.9631     0.942    0.9849    0.8788   0.03457  0.007954   0.01785
     73/99     8.18G   0.01372  0.002151  0.004656   0.02053        13       640    0.9624     0.938    0.9858    0.8832   0.03436  0.008108   0.01799
     74/99     8.18G   0.01355  0.002113  0.004559   0.02022        20       640    0.9505    0.9515     0.985    0.8814   0.03465  0.008175   0.01826
     75/99     8.18G    0.0134  0.002103  0.004714   0.02022        18       640    0.9655    0.9403     0.985    0.8793   0.03446   0.00818    0.0179
     76/99     8.18G   0.01341  0.002082  0.004216   0.01971        10       640    0.9643    0.9431    0.9848    0.8801   0.03436  0.008164   0.01787
     77/99     8.18G   0.01333  0.002087   0.00442   0.01983        16       640    0.9488     0.958    0.9851    0.8823   0.03441  0.008188   0.01786
     78/99     8.18G   0.01304   0.00206  0.003996   0.01909        10       640     0.953    0.9564    0.9862    0.8843   0.03423  0.008211   0.01792
     79/99     8.18G   0.01304  0.002033  0.004092   0.01917        12       640    0.9593    0.9504    0.9863    0.8852    0.0339  0.008221   0.01779
     80/99     8.18G   0.01309  0.002033  0.004366   0.01949        13       640    0.9618      0.95    0.9866    0.8847   0.03407  0.008242   0.01766
     81/99     8.18G   0.01333  0.001998  0.003968    0.0193        12       640    0.9586    0.9522    0.9864    0.8821   0.03391  0.008318   0.01773
     82/99     8.18G   0.01271  0.002015  0.003934   0.01866        14       640    0.9663    0.9474    0.9864    0.8854   0.03397  0.008318   0.01742
     83/99     8.18G   0.01264  0.002003  0.003875   0.01852        20       640    0.9644    0.9477    0.9869    0.8861    0.0339  0.008306   0.01714
     84/99     8.18G   0.01253   0.00201  0.003785   0.01832        17       640    0.9661    0.9506    0.9874    0.8853   0.03378  0.008358   0.01712
     85/99     8.18G   0.01265  0.001944  0.003665   0.01826        19       640    0.9648    0.9531    0.9877    0.8861   0.03355  0.008372   0.01733
     86/99     8.18G   0.01252  0.001926  0.003606   0.01805        15       640    0.9596    0.9565    0.9878    0.8894   0.03336  0.008434   0.01759
     87/99     8.18G   0.01238  0.001943  0.003478   0.01781        11       640    0.9648    0.9536    0.9876    0.8876   0.03338  0.008448   0.01783
     88/99     8.18G   0.01288  0.001935  0.003739   0.01855        11       640    0.9576     0.959    0.9878    0.8888   0.03328   0.00848   0.01768
     89/99     8.18G   0.01223  0.001958   0.00348   0.01767        18       640    0.9639    0.9543    0.9881    0.8901   0.03321  0.008534   0.01752
     90/99     8.18G   0.01227  0.001937  0.003245   0.01745        13       640    0.9655    0.9544    0.9886     0.891   0.03317  0.008538   0.01752
     91/99     8.18G   0.01253  0.001912  0.003489   0.01793        13       640    0.9669    0.9543     0.989    0.8916   0.03318  0.008558   0.01746
     92/99     8.18G   0.01239  0.001917  0.003267   0.01758        13       640    0.9563     0.966    0.9894    0.8929   0.03315  0.008593   0.01735
     93/99     8.18G   0.01214  0.001916  0.003415   0.01747        12       640    0.9664    0.9558    0.9894    0.8909   0.03307   0.00864   0.01742
     94/99     8.18G   0.01254  0.001914  0.003344    0.0178        16       640    0.9562    0.9677    0.9893    0.8917   0.03293  0.008648   0.01733
     95/99     8.18G   0.01221  0.001917  0.003253   0.01738        15       640    0.9651    0.9607    0.9893    0.8907   0.03292  0.008644   0.01733
     96/99     8.18G   0.01241  0.001877  0.003169   0.01746        15       640    0.9621    0.9617    0.9894    0.8916   0.03286  0.008655   0.01725
     97/99     8.18G   0.01246  0.001878  0.002958    0.0173        17       640    0.9604    0.9662    0.9896    0.8916   0.03285  0.008683   0.01725
     98/99     8.18G   0.01205  0.001892   0.00315   0.01709        17       640    0.9602    0.9665    0.9895    0.8918   0.03285   0.00871   0.01729
     99/99     8.18G   0.01205  0.001871  0.003186   0.01711        13       640     0.963    0.9637    0.9895    0.8937   0.03274  0.008714   0.01727
